2.159844949342982545e+00 7.853981633974482790e-01
2.159844949342982545e+00 2.356194490192344837e+00
2.159844949342982545e+00 3.141592653589793116e+00
2.356194490192344837e+00 2.356194490192344837e+00
2.356194490192344837e+00 3.141592653589793116e+00
2.356194490192344837e+00 3.926990816987241395e+00
2.356194490192344837e+00 4.712388980384689674e+00
2.356194490192344837e+00 5.497787143782137953e+00
2.552544031041707129e+00 3.926990816987241395e+00
2.552544031041707129e+00 4.712388980384689674e+00
2.552544031041707129e+00 5.497787143782137953e+00
2.748893571891068976e+00 0.000000000000000000e+00
2.748893571891068976e+00 3.926990816987241395e+00
2.748893571891068976e+00 4.712388980384689674e+00
2.748893571891068976e+00 5.497787143782137953e+00
2.945243112740430824e+00 0.000000000000000000e+00
2.945243112740430824e+00 7.853981633974482790e-01
2.945243112740430824e+00 4.712388980384689674e+00
2.945243112740430824e+00 5.497787143782137953e+00
3.141592653589793116e+00 0.000000000000000000e+00
