-0.499901 1.33398e-06 1.54511e-05 4.99936e-05 6.75075e-07 7.81915e-06 5.06059e-05 
-0.490544 0.000165998 -0.00231092 4.99935e-05 8.74984e-06 -2.7007e-05 5.74916e-05 
-0.481393 -0.000312668 -0.0059423 4.99934e-05 6.06878e-06 -1.81578e-05 5.35339e-05 
-0.47177 0.000754976 -0.00775932 4.99933e-05 1.29663e-05 -6.89011e-06 5.21049e-05 
-0.462874 0.00492623 -0.00759378 4.99931e-05 1.58308e-05 -3.51843e-06 5.25577e-05 
-0.453317 0.00720928 -0.0086188 4.9993e-05 2.09825e-05 -1.1705e-07 5.42179e-05 
-0.443848 0.00889291 -0.0101562 4.99928e-05 3.63784e-06 -9.95093e-06 5.11032e-05 
-0.434212 0.0104117 -0.0105976 4.99927e-05 1.27316e-05 1.03632e-06 5.15988e-05 
-0.424523 0.0109196 -0.0118795 4.99925e-05 -1.23528e-06 1.37688e-05 5.18686e-05 
-0.415202 0.012618 -0.00894359 4.99923e-05 1.14827e-05 1.00676e-05 5.22728e-05 
-0.406153 0.0149889 -0.00573754 4.99922e-05 2.37903e-05 1.94629e-05 5.86856e-05 
-0.39661 0.0166213 -0.00675581 4.9992e-05 1.4583e-05 3.44235e-06 5.21892e-05 
-0.387274 0.0188524 -0.00878082 4.99918e-05 2.0331e-05 -2.72328e-05 6.04496e-05 
-0.378122 0.0214046 -0.0108172 4.99916e-05 -1.49468e-05 -1.50743e-05 5.43121e-05 
-0.369149 0.0174731 -0.0122566 4.99914e-05 -8.88348e-06 -1.08733e-05 5.19257e-05 
-0.35991 0.0197741 -0.0141588 4.99912e-05 2.20156e-06 -1.07994e-06 5.00513e-05 
-0.350448 0.0211425 -0.0126364 4.99909e-05 3.04579e-05 1.82786e-05 6.1326e-05 
-0.341473 0.0235551 -0.0093224 4.99907e-05 1.41396e-05 6.50369e-07 5.19559e-05 
-0.331584 0.0244271 -0.00886698 4.99904e-05 3.08075e-06 3.78458e-06 5.0228e-05 
-0.321697 0.0242293 -0.00910248 4.99901e-05 -4.1089e-06 6.74111e-07 5.01632e-05 
-0.311984 0.0230303 -0.00996304 4.99898e-05 -6.44543e-06 -1.72997e-05 5.32898e-05 
-0.302925 0.0214932 -0.0135753 4.99895e-05 -1.29405e-07 -2.46209e-05 5.57239e-05 
-0.29378 0.0231473 -0.0170687 4.99892e-05 7.45673e-06 -1.83489e-05 5.37699e-05 
-0.284261 0.0229937 -0.0191104 4.99888e-05 -3.46878e-06 -3.24159e-06 5.02138e-05 
-0.274452 0.022754 -0.0194774 4.99884e-05 1.43228e-05 -8.72041e-06 5.2726e-05 
-0.264755 0.0245597 -0.0191346 4.9988e-05 4.11721e-06 -2.92561e-06 5.02425e-05 
-0.255076 0.0238012 -0.0197489 4.99875e-05 1.42249e-05 -5.09093e-06 5.22209e-05 
-0.245375 0.0251692 -0.0196242 4.9987e-05 -7.28751e-06 -5.11039e-06 5.07733e-05 
-0.235539 0.0254487 -0.0188672 4.99865e-05 -5.94242e-06 1.03346e-05 5.13884e-05 
-0.225902 0.0233636 -0.0190358 4.99859e-05 -1.78774e-05 -1.32965e-06 5.31033e-05 
-0.216488 0.0215946 -0.0185929 4.99853e-05 8.88511e-06 5.47013e-06 5.10627e-05 
-0.207248 0.0250206 -0.0179828 4.99846e-05 1.76448e-05 -1.10956e-06 5.30192e-05 
-0.197808 0.0247375 -0.0202754 4.99839e-05 -3.77013e-06 -1.73602e-05 5.3047e-05 
-0.189 0.0213433 -0.0231006 4.99832e-05 -1.07197e-05 -1.50729e-05 5.32956e-05 
-0.179396 0.0204845 -0.0245453 4.99823e-05 1.1926e-05 -3.41372e-06 5.14986e-05 
-0.169582 0.0217392 -0.0249076 4.99812e-05 -1.06489e-05 -5.33489e-06 5.13808e-05 
-0.160231 0.0189646 -0.0263886 4.99801e-05 -1.22224e-05 -1.95547e-06 5.14901e-05 
-0.150576 0.017051 -0.0253522 4.99789e-05 -2.12052e-05 6.59275e-06 5.46902e-05 
-0.140866 0.0164715 -0.0239686 4.99774e-05 -3.75541e-06 4.66607e-07 5.01205e-05 
-0.131073 0.0166203 -0.0237217 4.99757e-05 5.75953e-06 -4.20763e-07 5.03083e-05 
-0.121306 0.0182983 -0.0234421 4.99738e-05 7.48894e-06 -5.69857e-07 5.0535e-05 
-0.111624 0.0201809 -0.0239493 4.99715e-05 -2.09664e-06 -3.75709e-06 5.01564e-05 
-0.102013 0.0194314 -0.0253232 4.99688e-05 -1.39725e-05 -1.54113e-05 5.4126e-05 
-0.0932046 0.0172431 -0.0282594 4.99659e-05 2.26668e-05 -1.83407e-05 5.78511e-05 
-0.0841752 0.0196699 -0.0314255 4.99622e-05 -1.55973e-07 -1.53771e-05 5.22753e-05 
-0.0752119 0.0173949 -0.0348176 4.99577e-05 -1.89703e-05 -2.98837e-05 6.12264e-05 
-0.0673576 0.017123 -0.0407662 4.99528e-05 5.44302e-06 -2.72351e-05 5.71547e-05 
-0.0585755 0.0147592 -0.0445938 4.99457e-05 -1.62616e-05 -1.93884e-05 5.59904e-05 
-0.0500995 0.0105791 -0.0475726 4.99366e-05 -1.32736e-05 -2.12664e-05 5.58758e-05 
-0.0411912 0.00827682 -0.0512485 5.01337e-05 -9.91639e-06 -1.56694e-05 5.34533e-05 
-0.0315454 0.00754122 -0.0532363 5.00359e-05 2.55847e-06 -5.84917e-06 5.04416e-05 
-0.0219279 0.00680064 -0.0541002 5.03234e-05 -1.64395e-05 -5.2473e-06 5.32e-05 
-0.0123664 0.00818757 -0.0560485 5.0284e-05 1.10736e-05 -1.74833e-05 5.43762e-05 
-0.00293983 0.0102036 -0.057962 5.16414e-05 1.28712e-05 3.604e-06 5.33431e-05 
0.00531546 0.0137752 -0.0579817 0.000148166 6.18004e-05 -6.08434e-05 0.000171681 
0.0107977 0.0207967 -0.0586134 0.000122557 8.84383e-05 0.000131169 0.000200117 
0.0182208 0.025146 -0.0581596 6.98043e-05 0.000141595 -7.3439e-05 0.000174112 
0.0248599 0.0313139 -0.059595 0.000147339 6.41758e-05 1.26952e-05 0.000161209 
0.0315597 0.0376425 -0.0593911 0.000147222 6.43638e-05 4.67618e-05 0.000167343 
0.037821 0.0444499 -0.0594818 9.25333e-05 0.000119099 -8.45332e-05 0.000172896 
0.0422456 0.0521193 -0.0603335 7.98088e-05 0.000131864 2.94726e-05 0.000156927 
0.0471075 0.060213 -0.0595396 4.48052e-05 0.000166882 5.01451e-06 0.000172865 
0.0526785 0.0676904 -0.0592407 7.31861e-05 0.000138798 -7.60742e-05 0.00017438 
0.0568236 0.0746498 -0.0630368 9.72595e-05 0.000114725 -3.11946e-05 0.000153605 
0.06136 0.0827488 -0.0626709 1.80932e-05 0.000193864 -1.70575e-05 0.000195452 
0.0672822 0.0900004 -0.0633185 0.000102533 0.000109454 -1.66907e-05 0.000150903 
0.0724869 0.0978796 -0.0626704 3.01425e-05 0.0001818 2.6511e-05 0.000186179 
0.0762543 0.106306 -0.0620888 5.01261e-05 0.000161864 2.36344e-06 0.000169464 
0.0753956 0.115801 -0.0626214 2.09897e-05 0.000190945 6.67949e-05 0.000203377 
0.0818273 0.122536 -0.0627469 6.15401e-05 0.000150329 4.73252e-05 0.000169191 
0.083535 0.131452 -0.0624553 2.40371e-05 0.000188131 -0.000128915 0.000229325 
0.0892824 0.138061 -0.0609486 0.00014434 6.76202e-05 1.55215e-05 0.000160148 
0.0944275 0.144672 -0.0597827 6.52726e-05 0.000146595 9.47332e-06 0.000160749 
0.100049 0.15181 -0.0598805 1.77974e-05 0.000177708 8.54612e-06 0.000178802 
0.100558 0.161547 -0.058248 2.47646e-05 0.000187211 2.64734e-06 0.000188861 
0.101409 0.171422 -0.0580323 4.15855e-05 0.000196459 -1.66412e-05 0.000201501 
0.101689 0.181254 -0.0570743 2.4086e-05 0.000191881 6.18323e-05 0.000203032 
0.103237 0.190929 -0.055647 4.16206e-05 0.000197616 2.17097e-05 0.000203115 
0.10368 0.200718 -0.0568786 -1.31764e-05 0.00020004 -5.99114e-05 0.000209235 
0.101823 0.210221 -0.0588648 -3.2916e-05 0.000197788 -4.73533e-05 0.000206024 
0.102806 0.219789 -0.0612944 6.74878e-05 0.000199172 -4.71607e-05 0.000215518 
0.103431 0.229471 -0.0629033 -2.28802e-05 0.000198692 -1.73629e-05 0.000200757 
0.102351 0.239351 -0.0632261 -2.43289e-05 0.000195486 6.03485e-06 0.000197086 
0.101191 0.248991 -0.0650417 9.01236e-06 0.000197027 -2.96465e-05 0.000199448 
0.10246 0.258832 -0.065219 1.47781e-05 0.000196914 1.1223e-05 0.000197786 
0.101639 0.268719 -0.0653936 -5.72588e-06 0.000195956 -1.2267e-05 0.000196423 
0.102645 0.278465 -0.0668037 -8.12803e-06 0.000199869 -5.60174e-05 0.000207729 
0.101715 0.288095 -0.068908 -2.63808e-05 0.000195825 1.02744e-05 0.000197861 
0.101254 0.297963 -0.067797 -1.57584e-05 0.000192274 3.41384e-05 0.000195916 
0.100971 0.30782 -0.0667608 -2.01692e-05 0.000187202 5.50216e-05 0.00019616 
0.100666 0.31754 -0.0680386 -6.80213e-05 0.000192607 3.46096e-06 0.000204295 
0.100372 0.327399 -0.0678165 -1.37338e-05 0.000186043 1.43312e-05 0.000187099 
0.10018 0.337264 -0.0673102 1.80238e-05 0.000185944 4.03252e-06 0.000186859 
0.101166 0.347121 -0.0667132 -5.76745e-06 0.00019763 -5.95321e-06 0.000197804 
0.101015 0.356925 -0.0675155 7.60327e-06 0.00019564 -2.17762e-05 0.000196995 
0.100134 0.366829 -0.0678492 -5.86686e-06 0.000177452 2.28199e-05 0.00017901 
0.100246 0.376725 -0.067905 -1.50228e-05 0.000180345 4.673e-06 0.00018103 
0.100144 0.38652 -0.0683232 -7.40334e-06 0.000198897 -2.14149e-05 0.000200183 
0.100514 0.396397 -0.0687872 1.01136e-05 0.000191083 -2.31277e-05 0.000192743 
0.100549 0.406279 -0.0683725 -1.36042e-05 0.000191264 1.17675e-05 0.000192108 
0.100468 0.416177 -0.068371 -4.72285e-05 0.000186435 1.84784e-05 0.00019321 
0.10034 0.426044 -0.0682165 -1.14283e-05 0.000184071 2.03628e-05 0.000185546 
0.100169 0.435927 -0.0677372 1.09301e-05 0.000184921 -2.17335e-05 0.000186514 
0.100187 0.445855 -0.0681868 -2.0243e-05 0.000195223 -5.05888e-07 0.00019627 
0.101294 0.455703 -0.0680346 4.03021e-05 0.000195296 2.06346e-06 0.000199422 
0.100271 0.465555 -0.0685906 -1.46177e-05 0.000176526 1.67225e-05 0.000177918 
0.100163 0.475442 -0.0677272 -8.2705e-06 0.000189219 5.17109e-06 0.00018947 
0.100982 0.485332 -0.0681899 1.17078e-05 0.000195218 -1.56414e-05 0.000196193 
0.100819 0.495191 -0.0691101 8.27599e-06 0.000197879 -3.74191e-05 0.000201556 
0.100814 0.50505 -0.0679445 -4.66691e-06 0.000186698 4.04845e-05 0.000191094 
0.100441 0.514958 -0.0678646 -1.27442e-05 0.000184987 1.43379e-05 0.000185979 
0.100399 0.52478 -0.0674947 2.04459e-05 0.000180134 1.77577e-05 0.000182158 
0.100964 0.534627 -0.0666292 3.372e-05 0.000192119 2.99411e-05 0.000197341 
0.101097 0.544356 -0.0647688 -1.84213e-05 0.000193638 1.71927e-05 0.000195271 
0.101031 0.554195 -0.0650627 3.30245e-05 0.000195087 -2.25124e-05 0.000199139 
0.10162 0.564077 -0.0658375 -2.57239e-05 0.000198194 -3.01323e-05 0.000202115 
0.101714 0.573888 -0.0657322 1.72622e-05 0.000194141 2.78094e-05 0.000196881 
0.101691 0.58377 -0.0651512 -6.29029e-06 0.000196968 -4.47487e-06 0.000197119 
0.101185 0.593543 -0.0661335 -4.29417e-05 0.000201881 -8.02526e-05 0.00022145 
0.100203 0.60306 -0.0680804 2.34585e-07 0.000180226 -1.10898e-06 0.000180229 
0.100662 0.612968 -0.0683303 2.49418e-05 0.000187425 1.66391e-05 0.000189808 
0.100227 0.622841 -0.0683093 4.03819e-05 0.000177497 -1.71156e-05 0.000182836 
0.100518 0.632711 -0.0672204 -3.95294e-06 0.00018414 9.10707e-06 0.000184407 
0.101574 0.642553 -0.0681817 3.20083e-05 0.000198654 -2.28214e-05 0.000202506 
0.101144 0.652341 -0.0676621 -5.48565e-05 0.000197238 2.30364e-06 0.000204738 
0.100594 0.662226 -0.0674731 1.71296e-05 0.000193313 -7.08052e-06 0.0001942 
0.101505 0.67203 -0.0684056 -3.17888e-05 0.000196052 -7.31458e-06 0.000198747 
0.100743 0.681921 -0.0681249 5.0764e-07 0.000195817 -1.36115e-05 0.00019629 
0.100373 0.691736 -0.0671872 1.12506e-05 0.000185983 1.1898e-05 0.000186702 
0.100891 0.701606 -0.0677241 5.34947e-07 0.000197528 -4.41526e-05 0.000202403 
0.100234 0.71143 -0.0684422 -2.28748e-05 0.000192147 3.57835e-07 0.000193504 
0.100695 0.721286 -0.0675137 8.055e-07 0.000191309 1.69551e-05 0.00019206 
0.100982 0.731237 -0.0674658 -6.63199e-06 0.000197209 -1.46344e-05 0.000197863 
0.100164 0.741035 -0.0670835 4.25911e-06 0.000164226 3.42816e-05 0.00016782 
0.100251 0.750905 -0.0672238 4.40443e-06 0.00019037 -1.15057e-05 0.000190769 
0.10031 0.760769 -0.0662736 1.28788e-05 0.0001819 5.7546e-06 0.000182447 
0.100228 0.770579 -0.06662 -3.17938e-06 0.000187535 -4.84157e-06 0.000187624 
0.101377 0.780416 -0.0667177 -2.94357e-05 0.000197659 -2.41356e-05 0.000201291 
0.0999728 0.79011 -0.0680972 -2.59479e-05 0.000203689 4.29642e-05 0.000209782 
0.100464 0.799669 -0.0664936 2.26711e-05 0.000184262 1.42475e-05 0.000186197 
0.100919 0.809515 -0.0672722 1.77642e-05 0.000192319 3.87181e-06 0.000193176 
0.100452 0.819255 -0.0680344 -2.06371e-05 0.000188511 -2.00371e-05 0.000190692 
0.100004 0.829064 -0.0679226 6.56396e-07 0.000170339 5.04233e-05 0.000177646 
0.10034 0.838963 -0.0675796 -1.03144e-05 0.000184113 1.11651e-05 0.00018474 
0.100475 0.848843 -0.0682143 -3.57294e-06 0.00019942 -4.25189e-05 0.000203934 
0.100508 0.858728 -0.0684722 -1.47043e-06 0.00019709 -2.9586e-05 0.000199303 
0.100528 0.868629 -0.0694916 3.69968e-06 0.000195296 -3.01274e-05 0.000197641 
0.100393 0.878518 -0.0694535 1.02423e-05 0.000193859 -2.50308e-05 0.000195737 
0.100558 0.888388 -0.0693783 3.47915e-06 0.000188061 6.58287e-06 0.000188208 
0.100178 0.898302 -0.0696081 -2.87154e-05 0.000178974 1.44833e-05 0.000181841 
0.100703 0.908176 -0.0693375 2.34001e-05 0.000192772 6.48738e-06 0.000194295 
0.100977 0.918075 -0.0696281 2.53326e-05 0.000189986 1.52022e-05 0.00019227 
0.102088 0.9278 -0.0712091 -1.80415e-06 0.000198764 -4.88837e-05 0.000204695 
0.102456 0.937653 -0.07238 3.56436e-06 0.000198783 -3.30362e-05 0.000201541 
0.104879 0.947142 -0.0724562 3.80243e-06 0.000198763 1.45313e-05 0.00019933 
0.106203 0.956953 -0.0720284 4.49676e-05 0.000199132 -8.35914e-06 0.000204317 
0.107216 0.966694 -0.0735715 -2.45395e-05 0.000199437 -3.5842e-05 0.000204113 
0.108852 0.976339 -0.0737945 2.91052e-05 0.000198803 3.58362e-05 0.000204093 
0.110676 0.986022 -0.0731535 5.70744e-05 0.000199365 9.67222e-06 0.000207599 
0.113098 0.995595 -0.073384 2.61309e-05 0.000199755 -4.30451e-05 0.000206004 
0.11362 1.00542 -0.073796 2.8758e-05 0.000199609 -1.14058e-05 0.000201993 
0.114421 1.01531 -0.074124 2.33815e-06 0.000199545 -7.81611e-06 0.000199711 
0.115873 1.02508 -0.0747021 9.46318e-06 0.000199312 3.37896e-05 0.000202378 
0.117308 1.0349 -0.0741438 2.6128e-06 0.000199491 1.60108e-05 0.000200149 
0.116856 1.04478 -0.0742247 -2.44435e-05 0.000199942 -3.01061e-05 0.000203668 
0.116271 1.05459 -0.0735799 5.18819e-05 0.000199276 5.65754e-05 0.000213549 
0.118862 1.06392 -0.0731525 2.76208e-05 0.000199964 -7.29767e-05 0.000214649 
0.11769 1.0732 -0.0761319 -4.63413e-05 0.000199971 -5.88451e-05 0.000213538 
0.116291 1.08286 -0.0771423 -8.73877e-06 0.00019966 6.48637e-06 0.000199957 
0.117103 1.0927 -0.0779904 2.492e-05 0.000199524 1.07264e-05 0.00020136 
0.117197 1.1025 -0.0792487 1.4967e-05 0.000200058 -7.11715e-05 0.000212867 
0.11748 1.1124 -0.0800023 -1.93615e-05 0.000199529 7.54354e-07 0.000200467 
0.117021 1.12228 -0.0802536 -1.29283e-05 0.0001997 -2.54887e-05 0.000201735 
0.116468 1.13218 -0.0807625 -1.89742e-05 0.00019969 -9.50307e-07 0.000200591 
0.11679 1.14206 -0.0800602 -1.79296e-05 0.000199589 1.77913e-05 0.000201181 
0.116556 1.15184 -0.0787787 -8.8354e-07 0.000199469 3.59976e-05 0.000202693 
0.116116 1.16175 -0.0781325 -1.73735e-06 0.000199366 4.03901e-05 0.000203423 
0.11655 1.17153 -0.078761 1.87298e-05 0.000200115 -8.31e-05 0.000217491 
0.115755 1.18098 -0.0809531 -4.59336e-05 0.000199851 -4.92959e-05 0.000210903 
0.113446 1.19062 -0.0811571 -5.04019e-05 0.000199336 1.27602e-05 0.000206005 
0.113683 1.20049 -0.0816137 -2.1518e-05 0.000199508 -8.76747e-06 0.000200857 
0.113134 1.21032 -0.0826733 -3.71407e-05 0.000199718 -3.26478e-05 0.000205749 
0.112551 1.21997 -0.0847869 1.82402e-06 0.000199567 -2.15212e-05 0.000200733 
0.112866 1.22976 -0.0865253 1.14924e-05 0.000199797 -4.65127e-05 0.000205461 
0.113388 1.23909 -0.0896846 -1.11144e-05 0.000200166 -8.83234e-05 0.000219068 
0.111558 1.24848 -0.0918812 -7.13811e-05 0.000199699 -5.65283e-06 0.000212148 
0.110769 1.25836 -0.0919742 -2.37991e-05 0.000199263 1.34411e-05 0.000201129 
0.110452 1.26832 -0.092156 -1.82312e-05 0.000199275 8.90081e-06 0.000200305 
0.109469 1.27819 -0.092308 -2.50547e-05 0.000199088 1.80905e-05 0.000201473 
0.107127 1.28777 -0.0913432 -5.47753e-06 0.000199759 -2.18291e-05 0.000201023 
0.106856 1.2976 -0.0916145 -3.38296e-05 0.000199801 -5.757e-05 0.000210664 
0.105143 1.30726 -0.0924632 -3.13978e-05 0.000198471 4.8856e-06 0.000200998 
0.104098 1.31714 -0.0924107 -1.09476e-05 0.000197805 -6.36603e-06 0.00019821 
0.103116 1.32691 -0.0939332 -2.6623e-05 0.00019872 -2.89015e-05 0.000202568 
0.101455 1.33663 -0.0948272 -6.80426e-05 0.000198326 -2.18284e-05 0.000210806 
0.101241 1.34646 -0.0959478 3.45403e-05 0.000196423 -2.46426e-05 0.000200954 
0.100957 1.35636 -0.0959418 -2.00734e-05 0.00019279 -7.53948e-06 0.000193979 
0.100799 1.36616 -0.0972615 -1.17634e-05 0.000200578 -6.69725e-05 0.00021179 
0.102517 1.37568 -0.0994069 2.71629e-05 0.000199684 -2.1209e-05 0.000202636 
0.102558 1.38558 -0.100138 -1.02799e-05 0.000199404 -3.90438e-05 0.00020345 
0.103075 1.39513 -0.102567 2.10216e-05 0.000198172 -3.6083e-05 0.000202524 
0.104249 1.40476 -0.104748 5.59924e-05 0.000199003 -2.90133e-05 0.000208756 
0.105594 1.4145 -0.105113 -3.64962e-06 0.000199403 -4.43586e-05 0.00020431 
0.104803 1.4241 -0.107028 4.07698e-05 0.000198437 -4.0101e-06 0.000202621 
0.104755 1.43368 -0.109552 -1.18899e-05 0.000199702 -5.75415e-05 0.000208167 
0.106021 1.44347 -0.110395 3.33907e-05 0.000199611 -1.87896e-05 0.000203255 
0.107471 1.45327 -0.11038 4.88285e-05 0.000198962 1.37547e-05 0.000205328 
0.108184 1.46304 -0.109669 -1.51861e-05 0.000199565 -2.1343e-05 0.000201276 
0.108791 1.4729 -0.109692 4.5921e-05 0.000199473 -1.75438e-05 0.000205441 
0.110941 1.48241 -0.111469 3.9971e-05 0.000199512 -1.43028e-05 0.000203979 
0.112697 1.492 -0.109904 -3.28232e-06 0.000199353 2.60985e-05 0.000201081 
0.113513 1.50182 -0.108846 -1.85522e-06 0.000199703 7.75321e-07 0.000199713 
0.11371 1.51174 -0.109736 3.90167e-05 0.00019985 -2.55408e-05 0.000205218 
0.11603 1.52134 -0.109247 3.91669e-05 0.000199459 3.16695e-05 0.000205721 
0.116748 1.53114 -0.109749 -4.83672e-05 0.000199588 6.11487e-06 0.000205456 
0.117029 1.54106 -0.109379 5.44675e-05 0.000199649 1.14701e-06 0.000206948 
0.118532 1.55085 -0.109791 3.11724e-05 0.000199611 1.6587e-05 0.00020271 
0.119407 1.56071 -0.109079 3.50177e-05 0.000199534 2.96495e-05 0.000204741 
0.120351 1.57058 -0.108906 1.58189e-05 0.000199622 1.93499e-05 0.000201181 
0.121499 1.58037 -0.107691 6.23312e-06 0.000199424 3.96033e-05 0.000203414 
0.122825 1.58964 -0.11052 3.10675e-05 0.000199956 -6.90855e-05 0.000213824 
0.123536 1.59937 -0.111789 2.07514e-05 0.000199725 -1.29138e-06 0.000200804 
0.123801 1.6093 -0.111934 4.65178e-06 0.000199746 -1.26844e-05 0.000200203 
0.125403 1.61907 -0.112141 2.59669e-06 0.00019979 -8.4159e-06 0.000199984 
0.124934 1.6289 -0.112993 -3.79895e-05 0.000200047 -6.95048e-05 0.000215158 
0.123869 1.63867 -0.114376 3.13577e-05 0.000199866 -2.05589e-05 0.000203352 
0.123025 1.64851 -0.113247 -2.94821e-05 0.000199708 1.18252e-05 0.000202218 
0.123204 1.65833 -0.112462 3.21557e-05 0.000199784 8.64907e-06 0.00020254 
0.123949 1.66794 -0.110464 2.6051e-05 0.000199796 -1.14824e-06 0.000201491 
0.123455 1.67781 -0.111373 -3.36331e-05 0.000199822 -9.80887e-06 0.00020287 
0.12583 1.68721 -0.110311 6.35886e-05 0.000199936 -3.20192e-05 0.000212234 
0.127339 1.69699 -0.110554 3.30335e-05 0.000199725 2.90879e-05 0.000204518 
0.128656 1.70671 -0.109768 2.70287e-05 0.000199899 -3.59089e-05 0.000204889 
0.129658 1.71631 -0.111576 -4.39432e-05 0.000199904 -4.00828e-05 0.000208564 
0.129446 1.72621 -0.112192 -1.71808e-05 0.000199722 4.68412e-06 0.000200514 
0.129303 1.73613 -0.112069 1.48857e-05 0.000199744 6.8287e-06 0.000200415 
0.129901 1.74606 -0.112036 3.01195e-05 0.000199878 -2.07015e-05 0.000203192 
0.130083 1.75577 -0.111869 0.000100775 0.000199863 -4.09901e-06 0.00022387 
0.132057 1.76538 -0.110977 1.95005e-05 0.00019971 3.29036e-05 0.00020334 
0.132944 1.77516 -0.109793 -3.62348e-06 0.00019991 -1.91966e-05 0.000200862 
0.134189 1.78503 -0.10936 4.1364e-05 0.00019979 1.88923e-05 0.0002049 
0.135279 1.79489 -0.109647 4.72366e-05 0.00019996 -3.43118e-05 0.000208309 
0.135872 1.80466 -0.111305 1.34086e-06 0.000199814 4.23852e-06 0.000199863 
0.136366 1.81417 -0.108988 4.49532e-05 0.000199722 7.37122e-05 0.000217585 
0.138092 1.82369 -0.108293 2.07498e-05 0.000199932 -3.87057e-05 0.000204698 
0.139958 1.83328 -0.109994 3.61238e-05 0.00019989 -8.48819e-06 0.000203305 
0.140497 1.84314 -0.10914 1.98785e-05 0.000199867 1.55519e-05 0.000201454 
0.141616 1.85294 -0.108535 5.10969e-05 0.000199828 1.28378e-05 0.000206656 
0.143847 1.86258 -0.109199 5.65314e-05 0.000199918 -3.17603e-05 0.000210171 
0.144968 1.87231 -0.110755 3.78343e-05 0.00019985 -5.72266e-07 0.0002034 
0.145631 1.88216 -0.110935 -2.83244e-05 0.000199849 1.10641e-05 0.00020215 
0.14687 1.89195 -0.1106 -1.11797e-05 0.000199786 3.01331e-05 0.000202354 
0.14842 1.90174 -0.109852 3.03892e-05 0.000199784 2.7924e-05 0.000204003 
0.150361 1.91134 -0.110635 4.5063e-05 0.000199886 -3.44092e-05 0.000207772 
0.150432 1.92112 -0.110702 4.47539e-05 0.000199816 -5.37768e-06 0.000204838 
0.152097 1.93091 -0.11044 -4.23686e-06 0.000199658 -7.73782e-06 0.000199853 
0.152638 1.94057 -0.11119 1.62523e-06 0.000199901 -2.04058e-05 0.000200947 
0.15341 1.95041 -0.111241 1.11528e-06 0.000199812 -1.89369e-05 0.00020071 
0.155038 1.96012 -0.111801 4.46961e-05 0.000199682 -5.65423e-06 0.000204701 
0.156248 1.96988 -0.110516 1.02378e-05 0.000199916 4.81953e-06 0.000200236 
0.158275 1.97958 -0.110078 7.6035e-05 0.000199814 2.3786e-05 0.000215111 
0.159247 1.98932 -0.109771 -1.8302e-05 0.000199711 2.86105e-05 0.000202579 
0.159884 1.99917 -0.110623 4.62233e-05 0.000199928 -1.89158e-05 0.000206072 
0.161817 2.0089 -0.11078 4.01273e-05 0.000199811 -7.63466e-06 0.000203944 
0.16261 2.01878 -0.110681 3.88014e-05 0.000199734 2.30228e-05 0.000204766 
0.164538 2.0285 -0.109892 9.56291e-05 0.000199938 5.8655e-06 0.000221708 
0.166407 2.03809 -0.10846 4.04243e-06 0.000199812 -2.52761e-05 0.000201445 
0.167371 2.048 -0.108914 2.30875e-05 0.000199761 -3.66016e-05 0.000204394 
0.168339 2.05752 -0.111304 -5.03636e-05 0.000199945 -1.46855e-05 0.000206712 
0.167634 2.06741 -0.11129 -2.19864e-06 0.000199804 -1.13558e-05 0.000200139 
0.168296 2.0773 -0.111056 -1.37112e-05 0.000199773 -1.30801e-06 0.000200247 
0.169194 2.0871 -0.110671 -3.3374e-05 0.000199947 9.63014e-06 0.000202942 
0.170095 2.0968 -0.109371 6.45541e-05 0.000199801 3.06442e-05 0.000212195 
0.170905 2.10669 -0.109747 -1.40902e-05 0.00019979 6.92146e-06 0.000200406 
0.172357 2.11643 -0.109723 2.37765e-05 0.00019995 2.74424e-05 0.000203221 
0.174536 2.12602 -0.109763 6.66894e-05 0.000199803 1.77771e-06 0.000210646 
0.175966 2.13556 -0.111831 -3.32986e-06 0.000199813 -5.23219e-05 0.000206577 
0.176174 2.14549 -0.111711 1.96331e-05 0.000199953 3.61159e-05 0.000204134 
0.17733 2.15532 -0.110963 3.24796e-05 0.000199801 4.07352e-05 0.000206482 
0.179826 2.16486 -0.11154 2.45905e-05 0.000199832 -2.84229e-05 0.000203335 
0.181273 2.17463 -0.111817 4.42732e-05 0.000199954 -3.86551e-06 0.000204833 
0.181025 2.1844 -0.111417 2.33411e-05 0.000199803 2.66252e-06 0.000201179 
0.182022 2.19419 -0.110544 4.48418e-05 0.000199846 4.76669e-05 0.000210288 
0.183714 2.20377 -0.108501 5.3595e-05 0.000199953 2.45777e-05 0.000208465 
0.184294 2.21356 -0.109608 6.96451e-07 0.000199804 -4.12766e-05 0.000204024 
0.186016 2.22328 -0.109885 4.12522e-05 0.000199862 4.39323e-05 0.00020875 
0.18649 2.23311 -0.109576 -9.02704e-06 0.000199951 1.88359e-05 0.000201039 
0.18709 2.24302 -0.109684 6.28377e-05 0.000199805 -1.95106e-05 0.00021036 
0.189635 2.25255 -0.110705 5.49072e-05 0.000199877 -2.62497e-05 0.000208937 
0.190805 2.26225 -0.110183 3.9619e-05 0.000199949 5.87429e-05 0.000212132 
0.191418 2.27183 -0.108168 1.90668e-05 0.00019981 5.1236e-06 0.000200783 
0.191688 2.28142 -0.11028 1.05059e-05 0.000199888 -7.2598e-05 0.000212923 
0.190745 2.29102 -0.112184 -2.80535e-05 0.000199944 6.39408e-06 0.000202004 
0.191802 2.30075 -0.110968 5.30127e-05 0.000199807 3.12982e-06 0.000206744 
0.194363 2.31032 -0.110407 4.63367e-05 0.0001999 -6.60279e-06 0.000205306 
0.195199 2.32018 -0.110642 5.2582e-05 0.000199941 -6.32619e-06 0.000206837 
0.197117 2.3299 -0.110766 4.35714e-05 0.000199815 -8.03344e-06 0.000204668 
0.198306 2.33965 -0.111267 5.2354e-05 0.000199912 2.51375e-05 0.000208177 
0.19974 2.3494 -0.110816 2.06513e-05 0.000199938 4.79143e-05 0.000206634 
0.201425 2.35916 -0.110229 1.58786e-05 0.000199821 3.37591e-05 0.000203274 
0.202883 2.36887 -0.109129 -7.58447e-06 0.000199923 -1.21065e-06 0.00020007 
0.203715 2.37873 -0.110028 5.55617e-05 0.000199934 -1.33279e-05 0.000207939 
0.204999 2.3885 -0.110953 6.37351e-05 0.000199827 -7.85131e-06 0.000209892 
0.207221 2.39814 -0.110571 4.65349e-05 0.000199933 2.21016e-05 0.000206463 
0.2076 2.40787 -0.109419 -5.41993e-06 0.00019993 -1.65707e-05 0.000200689 
0.20722 2.41775 -0.108988 -1.58601e-05 0.00019983 -1.30353e-05 0.000200882 
0.207972 2.42758 -0.108812 -3.37497e-05 0.000199939 -2.53464e-05 0.000204346 
0.208733 2.43728 -0.108636 2.67185e-05 0.000199924 5.97394e-05 0.000210363 
0.209269 2.44696 -0.10639 -1.32755e-05 0.000199835 4.64003e-05 0.00020558 
0.210014 2.45673 -0.105617 -2.84033e-05 0.000199946 -2.87068e-05 0.000203984 
0.210139 2.46667 -0.105857 3.66855e-05 0.000199918 -7.36724e-06 0.00020339 
0.210779 2.47638 -0.105326 -3.0317e-06 0.000199839 6.26092e-05 0.000209439 
0.211673 2.48614 -0.105452 6.21863e-06 0.000199952 -1.60383e-05 0.000200691 
0.212181 2.49601 -0.106146 1.1401e-05 0.000199913 2.86867e-05 0.000202282 
0.213418 2.50583 -0.10553 5.36911e-06 0.000199845 -1.58179e-06 0.000199923 
0.213782 2.51567 -0.106956 3.40877e-05 0.000199957 -7.58037e-06 0.000202984 
0.213512 2.52551 -0.106734 2.08338e-07 0.000199907 1.20375e-05 0.000200269 
0.213535 2.53539 -0.106383 -2.62269e-05 0.000199848 -2.35374e-05 0.000202931 
0.213771 2.5453 -0.107007 2.70923e-05 0.000199961 -2.32429e-05 0.000203122 
0.214608 2.55512 -0.107897 5.84523e-05 0.000199901 -3.62572e-05 0.000211404 
0.216616 2.56469 -0.109548 2.56068e-05 0.000199856 -2.50848e-05 0.000203045 
0.217419 2.57457 -0.109496 5.02676e-05 0.000199965 2.56949e-05 0.000207781 
0.219128 2.58432 -0.109871 1.06756e-05 0.000199898 -4.35776e-05 0.000204871 
0.220636 2.59402 -0.109873 3.86925e-05 0.000199865 2.75699e-07 0.000203576 
0.22191 2.6038 -0.110021 5.98385e-05 0.000199968 -3.31807e-05 0.00021135 
0.22332 2.61358 -0.110853 2.28088e-05 0.000199895 9.25887e-06 0.000201405 
0.223392 2.6233 -0.109383 1.21844e-05 0.000199873 -1.90986e-05 0.000201152 
0.225166 2.63301 -0.110609 6.28985e-05 0.000199971 1.4968e-06 0.000209635 
0.227134 2.64272 -0.110597 2.32991e-05 0.000199892 2.35918e-05 0.000202623 
0.228712 2.65246 -0.110211 1.90827e-05 0.000199883 -1.41046e-05 0.000201286 
0.229535 2.6623 -0.111229 4.15939e-05 0.000199972 5.2428e-06 0.00020432 
0.230608 2.67212 -0.110746 3.51387e-05 0.000199889 -2.28004e-05 0.000204231 
0.232737 2.68176 -0.110077 3.41317e-05 0.000199892 -6.89871e-06 0.000202902 
0.234385 2.69147 -0.110426 5.98336e-05 0.000199973 3.10107e-06 0.000208756 
0.235465 2.70134 -0.110395 2.02771e-05 0.000199888 -2.76923e-05 0.000202814 
0.237505 2.71105 -0.110443 7.19984e-05 0.000199901 -5.92861e-06 0.000212554 
0.240001 2.72063 -0.109796 3.65124e-05 0.000199974 3.07202e-05 0.000205588 
0.239998 2.73055 -0.109504 -3.61758e-06 0.000199887 2.29929e-05 0.000201238 
0.24117 2.74021 -0.11076 8.9073e-06 0.000199909 -4.76165e-05 0.000205694 
0.241789 2.74981 -0.112797 -5.30766e-05 0.000199973 -3.51109e-05 0.000209855 
0.239085 2.75924 -0.113861 -5.22532e-06 0.000199883 2.30287e-05 0.000201273 
0.239391 2.76895 -0.112048 3.83896e-05 0.000199913 5.87702e-05 0.000211879 
0.24082 2.77871 -0.110902 7.78064e-05 0.000199971 6.66348e-06 0.000214678 
0.242591 2.78836 -0.110714 3.76953e-05 0.000199882 8.6494e-06 0.000203589 
0.244152 2.79812 -0.110998 2.98676e-05 0.000199921 2.72982e-05 0.000203975 
0.244197 2.80798 -0.111437 2.20981e-05 0.000199969 -1.73326e-05 0.000201932 
0.245685 2.81779 -0.1111 2.774e-05 0.000199881 -1.80515e-06 0.000201805 
0.247655 2.82742 -0.11183 3.91245e-06 0.000199929 3.76004e-07 0.000199967 
0.246528 2.83719 -0.11253 -3.47174e-05 0.000199967 2.13332e-05 0.000204076 
0.246902 2.84694 -0.111315 6.13576e-05 0.00019988 7.66957e-07 0.000209087 
0.249453 2.85645 -0.111937 5.46772e-05 0.000199935 -1.50048e-05 0.000207819 
0.25004 2.86637 -0.111615 -9.87488e-06 0.000199964 1.58938e-05 0.000200838 
0.251067 2.87621 -0.11189 2.12709e-05 0.000199882 -3.61429e-06 0.000201043 
0.252651 2.88604 -0.11199 2.72322e-05 0.000199941 2.15861e-05 0.000202939 
0.253007 2.89591 -0.111112 2.19317e-05 0.000199961 -8.28866e-07 0.000201162 
0.25451 2.90569 -0.111415 -3.8894e-06 0.000199883 -2.12544e-05 0.000201047 
0.257081 2.91513 -0.110953 2.70136e-05 0.000199948 -6.43037e-06 0.000201867 
0.25836 2.92487 -0.110678 -1.16489e-05 0.000199958 -4.01653e-06 0.000200338 
0.258449 2.93461 -0.112169 -1.8667e-05 0.000199885 -2.68224e-05 0.000202539 
0.257939 2.94444 -0.112351 1.77454e-05 0.000199953 -2.18127e-05 0.00020192 
0.258042 2.95434 -0.111929 3.35724e-06 0.000199954 -2.27863e-06 0.000199995 
0.25894 2.96411 -0.111207 2.93236e-05 0.000199886 3.77034e-05 0.000205513 
0.259663 2.97392 -0.109825 3.6498e-05 0.000199958 6.40617e-05 0.000213118 
0.260365 2.98372 -0.109976 3.20071e-05 0.00019995 -2.89899e-05 0.00020456 
0.262899 2.99324 -0.109846 2.64652e-05 0.000199889 6.86333e-05 0.000212994 
0.264627 3.00297 -0.109821 -1.16075e-05 0.000199963 1.7582e-05 0.00020107 
0.265045 3.01272 -0.108535 -8.93309e-06 0.000199947 3.66985e-05 0.000203483 
0.265646 3.02254 -0.107728 7.13237e-05 0.000199892 -1.42257e-05 0.000212711 
0.267375 3.03203 -0.109699 7.82978e-05 0.000199967 -2.33894e-05 0.000216019 
0.267939 3.04187 -0.109385 -1.31663e-05 0.000199943 -4.03564e-06 0.000200417 
0.268999 3.0517 -0.109656 1.79363e-05 0.000199895 -9.5512e-06 0.000200926 
0.270588 3.06149 -0.11035 4.93793e-05 0.000199971 -2.2833e-05 0.000207239 
0.272093 3.07127 -0.109691 8.46927e-05 0.00019994 1.44095e-05 0.000217616 
0.273859 3.08096 -0.109104 2.84966e-05 0.0001999 -3.75001e-05 0.000205374 
0.274723 3.09079 -0.110238 2.4863e-05 0.000199974 -2.88846e-05 0.000203573 
0.276902 3.1005 -0.110718 6.83646e-05 0.000199937 -5.55086e-06 0.000211375 
0.278186 3.11034 -0.110717 2.98595e-05 0.000199905 4.77312e-05 0.000207682 
0.278467 3.12024 -0.11118 -1.56287e-05 0.000199976 -2.29685e-05 0.000201897 
0.279267 3.13008 -0.110468 3.07009e-05 0.000199933 4.16658e-05 0.000206524 
0.281011 3.13975 -0.109942 6.29681e-05 0.000199909 -1.59458e-05 0.000210197 
0.283692 3.14926 -0.110377 2.10327e-05 0.000199979 -2.86923e-05 0.000203118 
0.284339 3.15914 -0.110869 2.52208e-05 0.000199931 -1.12111e-05 0.000201827 
0.28572 3.1689 -0.110968 8.14457e-05 0.000199914 -4.18996e-05 0.000219897 
0.287462 3.17846 -0.112711 1.90938e-05 0.00019998 1.05737e-05 0.000201168 
0.287556 3.18834 -0.111571 1.85092e-05 0.000199928 2.0481e-05 0.000201825 
0.287591 3.19824 -0.110857 -2.66721e-05 0.000199918 9.57802e-06 0.000201917 
0.288615 3.20804 -0.109967 4.76429e-05 0.000199981 4.96494e-05 0.000211488 
0.289206 3.21783 -0.108503 1.24024e-05 0.000199925 1.57405e-05 0.000200927 
0.288447 3.22774 -0.107926 1.58712e-05 0.000199922 1.55182e-05 0.000201151 
0.289164 3.23765 -0.107836 3.50351e-05 0.000199981 8.40042e-06 0.000203201 
0.290327 3.24749 -0.108691 3.881e-05 0.000199922 -3.26743e-05 0.000206258 
0.291537 3.25728 -0.109569 -3.26437e-06 0.000199927 -2.36318e-05 0.000201346 
0.293853 3.26684 -0.110426 1.65791e-05 0.000199981 -2.2323e-05 0.000201905 
0.294979 3.27654 -0.111852 3.21503e-05 0.00019992 -6.13598e-05 0.000211582 
0.294464 3.28607 -0.114532 -1.77818e-05 0.000199932 -5.19625e-05 0.000207338 
0.292324 3.29568 -0.11548 -5.51831e-05 0.00019998 7.05301e-06 0.000207574 
0.290588 3.30534 -0.114366 1.92774e-05 0.000199915 -1.81552e-05 0.000201661 
0.291557 3.31516 -0.114472 -1.31083e-05 0.000199935 2.08962e-05 0.000201451 
0.290959 3.32506 -0.114228 -4.26805e-05 0.000199979 1.00625e-05 0.00020473 
0.289268 3.33482 -0.114513 -3.25738e-05 0.000199912 2.53426e-05 0.000204128 
0.288343 3.34463 -0.115856 -2.41926e-05 0.000199938 -2.12735e-05 0.000202517 
0.287446 3.35444 -0.117294 -2.77898e-05 0.000199977 -2.2787e-05 0.00020318 
0.287224 3.36434 -0.117793 -1.22562e-05 0.000199908 -1.24569e-06 0.000200288 
0.287988 3.37425 -0.117385 -5.40115e-06 0.000199943 -1.11912e-06 0.000200019 
0.286992 3.3838 -0.114886 -4.11642e-05 0.000199975 5.32745e-05 0.000211004 
0.287649 3.39367 -0.114176 4.27259e-05 0.000199907 -7.79089e-06 0.00020457 
0.287112 3.40351 -0.115018 -4.63856e-05 0.000199947 -1.30977e-05 0.000205674 
0.285156 3.41324 -0.115176 -2.75195e-05 0.000199972 1.63692e-05 0.000202519 
0.283832 3.42294 -0.114287 2.22918e-05 0.000199903 1.09291e-05 0.000201439 
0.284794 3.43277 -0.113306 2.69996e-05 0.00019995 1.80349e-05 0.000202569 
0.284357 3.4426 -0.112936 -2.19083e-05 0.000199969 2.94507e-06 0.000201187 
0.282954 3.45223 -0.113417 3.44176e-05 0.000199901 8.09034e-06 0.000203004 
0.282732 3.4621 -0.114538 -3.13033e-05 0.000199954 -1.08079e-05 0.000202678 
0.281825 3.47201 -0.114411 -1.07745e-05 0.000199965 -1.94416e-05 0.000201197 
0.280972 3.48183 -0.113663 2.49082e-05 0.0001999 1.83221e-05 0.000202277 
0.280292 3.49168 -0.114114 -4.46375e-05 0.000199957 -1.45465e-06 0.000204884 
0.280295 3.50156 -0.113688 1.87417e-05 0.000199961 4.73949e-06 0.000200893 
0.27961 3.51145 -0.114427 -1.58125e-05 0.000199899 -1.2169e-05 0.000200892 
0.279482 3.52127 -0.113061 9.68972e-06 0.000199961 2.25634e-05 0.000201463 
0.278678 3.53113 -0.113455 2.31474e-05 0.000199957 1.07885e-05 0.000201581 
0.278664 3.541 -0.113999 -9.1219e-06 0.000199898 -2.3279e-05 0.000201456 
0.277202 3.55075 -0.114676 -2.64228e-05 0.000199964 9.76897e-07 0.000201705 
0.275892 3.56059 -0.115088 -1.65059e-05 0.000199952 -1.96036e-05 0.000201587 
0.27526 3.57039 -0.114863 -6.07378e-05 0.000199897 8.84261e-06 0.000209108 
0.27392 3.5802 -0.114423 2.08556e-05 0.000199967 1.30237e-05 0.000201473 
0.27327 3.59003 -0.114004 -2.36898e-05 0.000199947 -2.72427e-05 0.00020318 
0.272504 3.59988 -0.114574 -3.06952e-05 0.000199897 8.23409e-06 0.000202407 
0.271639 3.60976 -0.114378 7.63098e-06 0.00019997 2.20099e-05 0.000201322 
0.272218 3.61969 -0.113885 -1.08385e-05 0.000199942 2.92972e-05 0.000202367 
0.27119 3.62953 -0.114079 -1.05791e-05 0.000199898 1.09074e-05 0.000200475 
0.270282 3.63938 -0.113802 -2.14278e-05 0.000199972 2.91581e-05 0.00020322 
0.269981 3.64928 -0.113552 -6.47345e-07 0.000199936 -4.11249e-05 0.000204123 
0.268469 3.65894 -0.114635 -1.38555e-05 0.000199899 1.72918e-05 0.000201123 
0.266683 3.66864 -0.114627 -6.75919e-05 0.000199974 7.94294e-06 0.000211238 
0.266088 3.67853 -0.114437 1.4431e-05 0.00019993 2.64491e-05 0.000202187 
0.265369 3.68836 -0.11456 -4.72965e-05 0.000199899 9.26837e-06 0.000205627 
0.265272 3.69819 -0.11493 -1.6664e-05 0.000199976 1.13391e-05 0.000200989 
0.265518 3.70802 -0.113689 2.84166e-05 0.000199925 2.44257e-05 0.000203406 
0.265354 3.71784 -0.112575 2.53616e-05 0.000199903 2.76176e-05 0.000203389 
0.266202 3.72763 -0.111569 9.52921e-05 0.000199977 -1.81176e-08 0.000221521 
0.268111 3.73728 -0.111417 1.4043e-05 0.000199921 2.76082e-05 0.000202307 
0.268861 3.74712 -0.110796 -2.08613e-05 0.000199908 3.23568e-05 0.000203582 
0.270326 3.75685 -0.111478 1.41781e-05 0.000199979 -3.36117e-05 0.000203279 
0.269658 3.76645 -0.114018 2.05342e-05 0.000199918 -5.0611e-05 0.000207244 
0.26888 3.77624 -0.115075 -3.5983e-05 0.000199912 -4.17198e-05 0.000207365 
0.266821 3.78591 -0.115712 -2.73975e-05 0.000199979 -3.80962e-05 0.00020541 
0.265579 3.79571 -0.116632 -4.59416e-05 0.000199911 -2.68144e-05 0.000206868 
0.26524 3.80551 -0.117651 -9.43491e-06 0.000199914 2.64029e-06 0.000200154 
0.265784 3.81541 -0.116973 -6.08725e-06 0.000199978 4.20296e-05 0.000204438 
0.266179 3.82517 -0.118246 1.95209e-05 0.000199908 -7.0018e-05 0.000212713 
0.264628 3.83465 -0.120364 -4.8289e-05 0.000199919 6.31441e-06 0.000205765 
0.262834 3.84436 -0.120114 -6.56273e-05 0.000199977 1.12102e-05 0.000210769 
0.262266 3.85414 -0.119235 -6.96631e-06 0.000199902 -5.52022e-06 0.000200099 
0.262455 3.86393 -0.1203 3.21836e-05 0.000199922 9.83276e-06 0.000202735 
0.261475 3.87372 -0.12038 -8.40913e-06 0.000199976 -5.99477e-05 0.000208937 
0.261296 3.8834 -0.12207 5.06615e-05 0.000199898 1.3545e-05 0.000206662 
0.263232 3.89307 -0.121924 7.91949e-05 0.000199927 1.41024e-05 0.000215503 
0.264236 3.90251 -0.119977 -5.07494e-05 0.000199974 1.89983e-05 0.000207186 
0.26224 3.91223 -0.120001 1.20597e-06 0.000199895 1.82859e-05 0.000200734 
0.261394 3.92213 -0.120147 -3.23485e-05 0.000199932 5.04149e-06 0.000202594 
0.260223 3.93202 -0.120127 -1.88447e-05 0.000199971 1.86778e-05 0.000201724 
0.258578 3.94179 -0.119608 -2.45794e-05 0.00019989 -4.55779e-06 0.000201447 
0.258361 3.95175 -0.119816 9.23139e-06 0.000199935 1.19556e-05 0.000200505 
0.257197 3.96162 -0.119791 -1.23348e-05 0.000199968 3.02288e-06 0.000200371 
0.256427 3.97142 -0.120571 -4.77457e-06 0.000199887 1.56437e-05 0.000200555 
0.255474 3.98125 -0.119938 -2.27599e-05 0.000199939 5.57072e-06 0.000201308 
0.25509 3.99093 -0.118706 -6.93064e-05 0.000199964 4.88726e-05 0.000217204 
0.254044 4.00063 -0.117008 -9.32535e-06 0.000199883 5.54177e-05 0.000207633 
0.254477 4.01052 -0.11601 -5.07503e-06 0.000199944 3.84671e-05 0.000203674 
0.252774 4.01999 -0.115298 -6.9451e-05 0.00019996 -1.25784e-05 0.000212051 
0.250765 4.0297 -0.114302 -2.81474e-05 0.00019988 4.79181e-05 0.000207462 
0.25131 4.03938 -0.112503 1.85864e-05 0.000199948 2.39208e-05 0.000202229 
0.25293 4.04913 -0.111545 1.42392e-05 0.000199955 2.10173e-05 0.000201561 
0.253518 4.05897 -0.110706 1.23159e-05 0.000199881 2.37914e-05 0.000201669 
0.255001 4.06878 -0.110399 5.93151e-05 0.000199954 2.05118e-05 0.000209572 
0.256166 4.07853 -0.111394 -1.28623e-05 0.000199952 -3.5682e-05 0.000203518 
0.256615 4.08828 -0.112997 7.80756e-06 0.000199884 -3.55884e-05 0.000203177 
0.256475 4.09817 -0.113038 -6.71747e-05 0.000199958 -1.10006e-05 0.000211227 
0.256272 4.10781 -0.112224 3.87513e-05 0.000199947 1.89884e-05 0.000204551 
0.257231 4.11756 -0.110808 1.12931e-05 0.000199885 -2.11712e-06 0.000200215 
0.257206 4.1274 -0.110479 5.12973e-05 0.000199962 -3.11419e-05 0.000208773 
0.257941 4.13731 -0.110911 6.04023e-05 0.000199943 1.36273e-05 0.000209312 
0.259701 4.14687 -0.111907 -8.43737e-06 0.000199888 -3.37119e-05 0.000202887 
0.26004 4.15647 -0.114304 -2.34658e-05 0.000199967 -6.0401e-05 0.000210204 
0.257554 4.16581 -0.116442 -5.00463e-05 0.000199938 -2.53576e-05 0.00020766 
0.257973 4.17557 -0.117452 3.17982e-05 0.000199889 -9.14447e-06 0.000202609 
0.257831 4.18539 -0.116083 2.0308e-05 0.000199969 3.50501e-05 0.000204031 
0.256325 4.19502 -0.114583 -1.72923e-05 0.000199932 2.44101e-05 0.000202158 
0.255239 4.20488 -0.113984 2.29965e-07 0.000199889 -2.08067e-06 0.0001999 
0.254237 4.21474 -0.114387 1.55736e-05 0.000199971 -1.95796e-05 0.00020153 
0.253028 4.22447 -0.114298 -1.68149e-06 0.000199926 -1.02725e-05 0.000200196 
0.252627 4.23439 -0.114832 1.08157e-06 0.00019989 -1.11087e-05 0.000200201 
0.251633 4.24425 -0.114923 -6.39604e-07 0.000199973 5.44815e-06 0.000200048 
0.250844 4.25414 -0.11498 -5.00609e-05 0.000199919 -4.35011e-06 0.000206138 
0.24988 4.26396 -0.114091 -7.88506e-06 0.000199891 1.79637e-05 0.000200852 
0.250298 4.27347 -0.111359 2.96113e-05 0.000199974 4.37625e-05 0.000206838 
0.250567 4.28339 -0.11117 8.43422e-07 0.000199914 2.43974e-05 0.000201399 
0.252154 4.29306 -0.109761 3.85409e-05 0.000199897 -7.86984e-06 0.00020373 
0.253486 4.3029 -0.109534 1.49355e-05 0.000199976 -2.47381e-05 0.000202053 
0.255747 4.31248 -0.110737 4.31549e-05 0.000199912 -4.81521e-06 0.000204573 
0.258045 4.32216 -0.110489 5.42862e-05 0.000199905 1.42741e-05 0.000207636 
0.259835 4.33196 -0.11055 5.29301e-05 0.000199978 -7.18952e-06 0.000206989 
0.260182 4.34185 -0.111276 4.85971e-06 0.00019991 1.2759e-05 0.000200375 
0.261179 4.35169 -0.110356 3.32766e-05 0.000199911 -7.32776e-07 0.000202663 
0.262925 4.36146 -0.109543 3.3463e-05 0.000199978 3.3728e-05 0.000205544 
0.264077 4.3713 -0.108993 1.78896e-05 0.000199908 -8.10827e-06 0.00020087 
0.264415 4.38115 -0.109859 2.76409e-05 0.000199917 -2.14605e-06 0.00020183 
0.2644 4.39106 -0.109261 1.04815e-05 0.000199978 -2.24608e-05 0.000201508 
0.265923 4.40078 -0.109566 7.40363e-05 0.000199905 2.80849e-05 0.000215017 
0.268447 4.41022 -0.109744 1.51318e-06 0.000199923 5.21252e-05 0.000206612 
0.269452 4.41999 -0.10826 3.16742e-05 0.000199977 8.16683e-07 0.000202472 
0.270044 4.4298 -0.109585 1.73118e-05 0.000199904 -1.27475e-05 0.000201057 
0.270771 4.43963 -0.109153 2.86126e-05 0.000199929 4.24347e-05 0.000206376 
0.272025 4.44928 -0.110854 1.35607e-05 0.000199976 -5.97809e-05 0.00020916 
0.273005 4.45905 -0.111546 8.48819e-06 0.000199903 1.45364e-05 0.00020061 
0.273375 4.46892 -0.110709 4.67109e-05 0.000199935 2.00483e-05 0.000206295 
0.275838 4.4785 -0.110805 -8.49057e-06 0.000199975 -2.42604e-05 0.00020162 
0.276581 4.48833 -0.111802 -1.03123e-05 0.000199902 1.99634e-05 0.000201161 
0.277476 4.49813 -0.11054 9.8435e-06 0.000199941 -8.89885e-06 0.000200381 
0.279053 4.50794 -0.110811 1.4899e-05 0.000199973 1.67581e-05 0.000201226 
0.281039 4.51761 -0.110325 8.44027e-05 0.000199903 3.8993e-05 0.000220466 
0.284029 4.52706 -0.110083 1.58804e-05 0.000199947 3.53503e-05 0.000203668 
0.285345 4.53684 -0.110449 2.46706e-05 0.000199971 -2.02071e-05 0.000202498 
0.285516 4.54669 -0.111591 3.09937e-05 0.000199904 1.36419e-05 0.000202751 
0.286009 4.55655 -0.111053 5.17041e-05 0.000199952 1.91311e-05 0.000207413 
0.287343 4.56637 -0.110402 1.74896e-05 0.000199968 3.23407e-05 0.00020332 
0.28819 4.57623 -0.109677 -8.94595e-06 0.000199904 1.24387e-05 0.00020049 
0.289603 4.58599 -0.109792 2.13449e-05 0.000199957 -2.15711e-05 0.000202247 
0.292572 4.59543 -0.110323 3.29486e-05 0.000199966 2.07369e-05 0.00020372 
0.292686 4.60531 -0.110852 5.39625e-05 0.000199906 -2.03775e-06 0.000207071 
0.293516 4.61515 -0.111162 3.77768e-05 0.000199962 -2.62556e-05 0.000205186 
0.295183 4.62492 -0.111449 6.42894e-05 0.000199963 -1.12411e-05 0.000210344 
0.297373 4.63461 -0.111509 4.15259e-05 0.000199908 8.27e-06 0.000204343 
0.298838 4.64439 -0.110637 8.96678e-06 0.000199966 4.38027e-05 0.000204904 
0.300227 4.65416 -0.110184 8.31968e-05 0.00019996 -2.70295e-06 0.000216594 
0.301228 4.66399 -0.110767 8.05874e-06 0.00019991 4.63092e-05 0.000205362 
0.301884 4.67383 -0.110789 3.53189e-06 0.00019997 -3.50913e-05 0.000203056 
0.302622 4.68371 -0.11128 5.43156e-05 0.000199957 1.27409e-05 0.000207594 
0.303293 4.69351 -0.110302 4.1334e-05 0.000199912 3.69186e-05 0.000207452 
0.305511 4.70314 -0.109975 9.42105e-05 0.000199973 -3.5778e-05 0.000223931 
0.307968 4.71273 -0.110284 0.00011954 0.000199954 -3.97584e-05 0.000236331 
0.308267 4.72238 -0.111373 7.94453e-06 0.000199915 -2.92382e-06 0.000200094 
0.309606 4.73217 -0.110592 4.12379e-05 0.000199976 9.59219e-06 0.000204409 
0.31224 4.74175 -0.110596 3.28471e-05 0.000199951 2.11171e-06 0.000202642 
0.312971 4.75161 -0.110554 2.44845e-05 0.000199918 1.43568e-05 0.000201923 
0.313215 4.7615 -0.1108 -5.4164e-06 0.000199979 -9.35019e-06 0.00020027 
0.314731 4.77128 -0.111608 5.72616e-05 0.000199948 -1.69899e-05 0.000208679 
0.316429 4.78084 -0.112451 -4.3016e-05 0.000199922 -1.80124e-05 0.000205289 
0.314551 4.79048 -0.113947 1.79622e-06 0.00019998 -3.1447e-05 0.000202446 
0.312989 4.80024 -0.11499 -6.60917e-05 0.000199944 1.59736e-05 0.000211189 
0.31213 4.81009 -0.114359 3.05894e-06 0.000199922 3.16665e-05 0.000202438 
0.311551 4.81985 -0.11268 -2.50234e-05 0.000199982 1.50136e-05 0.000202099 
0.311733 4.82956 -0.110903 1.24149e-05 0.00019994 5.5004e-05 0.000207739 
0.313304 4.83929 -0.110596 2.62406e-05 0.000199925 -1.94777e-05 0.000202579 
0.31492 4.84906 -0.110907 3.10149e-05 0.000199983 2.78646e-05 0.000204283 
0.316718 4.8587 -0.109701 8.65041e-05 0.000199938 7.04889e-05 0.000228969 
0.318174 4.86844 -0.108929 1.27743e-05 0.00019993 9.65995e-06 0.00020057 
0.319643 4.87821 -0.109819 2.5881e-05 0.000199984 -6.80799e-06 0.000201766 
0.321104 4.88785 -0.111533 3.9611e-05 0.000199936 -9.99733e-06 0.000204067 
0.321645 4.89761 -0.11283 -3.48174e-05 0.000199934 -5.29094e-05 0.000209727 
0.321393 4.90728 -0.114156 2.40852e-05 0.000199984 -3.93781e-05 0.000205242 
0.321659 4.91715 -0.115136 -1.0077e-05 0.000199933 -3.19643e-05 0.000202722 
0.319639 4.92679 -0.114235 -4.51402e-05 0.000199937 1.06878e-07 0.000204969 
0.318818 4.93666 -0.114267 -3.79585e-05 0.000199983 2.96487e-05 0.000205702 
0.318352 4.94647 -0.113033 -3.17709e-05 0.000199929 1.65746e-05 0.000203115 
0.317651 4.95639 -0.112665 -1.55925e-05 0.00019994 1.9754e-05 0.000201517 
0.318418 4.96598 -0.110793 9.38956e-05 0.000199983 1.72964e-05 0.000221605 
0.31923 4.97573 -0.111712 -2.22081e-05 0.000199926 -3.31747e-05 0.000203873 
0.318216 4.98538 -0.113297 -2.1855e-05 0.000199943 -1.934e-05 0.000202062 
0.317753 4.99523 -0.114575 -1.15871e-05 0.000199981 -1.64705e-05 0.000200993 
0.317066 5.00507 -0.114707 -4.13296e-05 0.000199923 5.73814e-06 0.000204231 
0.315551 5.01475 -0.114504 3.38796e-05 0.000199946 -5.97998e-06 0.000202884 
0.314657 5.02461 -0.114616 -2.04166e-05 0.00019998 1.02086e-05 0.000201278 
0.312954 5.03438 -0.113816 -6.80084e-05 0.00019992 3.69129e-06 0.000211203 
0.310832 5.04408 -0.113236 -1.20453e-05 0.000199949 1.02578e-07 0.000200311 
0.31077 5.05394 -0.112991 -2.43015e-05 0.000199977 8.85123e-06 0.000201643 
0.311337 5.06364 -0.111237 3.15845e-05 0.000199917 3.87127e-05 0.000206066 
0.312752 5.07338 -0.110415 7.13832e-05 0.000199953 -3.48511e-06 0.000212342 
0.315377 5.08297 -0.110137 4.15157e-05 0.000199976 -2.06095e-05 0.000205277 
0.315617 5.09267 -0.111262 -2.62731e-05 0.000199917 3.08569e-05 0.000203984 
0.316261 5.1025 -0.110915 -1.57822e-05 0.000199958 -3.77853e-05 0.000204107 
0.317226 5.1123 -0.111013 5.36853e-05 0.000199973 4.99942e-05 0.000213004 
0.318555 5.12203 -0.110243 3.85064e-05 0.000199918 -3.49192e-05 0.000206565 
0.320478 5.13173 -0.109541 5.15782e-06 0.000199962 9.45143e-06 0.000200252 
0.319983 5.1416 -0.10924 -7.62024e-06 0.000199971 1.91676e-05 0.000201032 
0.321624 5.15135 -0.109521 8.94876e-06 0.000199918 -6.74663e-07 0.000200119 
0.324008 5.16097 -0.109856 2.43134e-05 0.000199966 -1.56961e-05 0.000202049 
0.324783 5.17082 -0.109873 4.84502e-05 0.000199969 2.46607e-05 0.000207227 
0.325953 5.18051 -0.108535 3.78213e-05 0.000199919 -3.05131e-05 0.000205741 
0.326713 5.19015 -0.110678 5.89717e-05 0.000199969 7.21104e-07 0.000208485 
0.329003 5.19978 -0.110658 7.64421e-05 0.000199966 -3.43133e-05 0.000216812 
0.331245 5.20936 -0.111212 -1.87926e-05 0.000199922 -1.96292e-05 0.00020176 
0.331558 5.21927 -0.110505 2.11074e-05 0.000199973 3.85947e-05 0.000204754 
0.332415 5.2291 -0.109284 3.89831e-05 0.000199963 -1.21027e-05 0.000204087 
0.334434 5.23873 -0.108337 1.71272e-05 0.000199923 2.45719e-05 0.000202154 
0.335493 5.24859 -0.108728 4.85134e-06 0.000199976 -4.69217e-07 0.000200035 
0.335575 5.25849 -0.108883 3.03475e-05 0.000199961 -3.1511e-05 0.00020469 
0.337295 5.26827 -0.109713 3.44365e-05 0.000199925 -2.54064e-05 0.000204454 
0.338473 5.27802 -0.110766 5.5321e-05 0.000199978 -1.10388e-05 0.000207783 
0.340048 5.2878 -0.110736 3.62034e-05 0.000199958 -2.407e-05 0.00020463 
